0,0
0,30
110,0
110,30
0,1
0,31
110,1
110,31
0,2
0,32
110,2
110,32
0,3
0,33
110,3
110,33
0,4
0,34
110,4
110,34
0,5
0,35
110,5
110,35
0,6
0,36
110,6
110,36
0,7
0,37
110,7
110,37
0,8
0,38
110,8
110,38
0,9
0,39
110,9
110,39
1,0
1,30
111,0
111,30
1,1
1,31
111,1
111,31
1,2
1,32
111,2
111,32
1,3
1,33
111,3
111,33
1,4
1,34
111,4
111,34
1,5
1,35
111,5
111,35
1,6
1,36
111,6
111,36
1,7
1,37
111,7
111,37
1,8
1,38
111,8
111,38
1,9
1,39
111,9
111,39
2,0
2,30
112,0
112,30
2,1
2,31
112,1
112,31
2,2
2,32
112,2
112,32
2,3
2,33
112,3
112,33
2,4
2,34
112,4
112,34
2,5
2,35
112,5
112,35
2,6
2,36
112,6
112,36
2,7
2,37
112,7
112,37
2,8
2,38
112,8
112,38
2,9
2,39
112,9
112,39
3,0
3,30
113,0
113,30
3,1
3,31
113,1
113,31
3,2
3,32
113,2
113,32
3,3
3,33
113,3
113,33
3,4
3,34
113,4
113,34
3,5
3,35
113,5
113,35
3,6
3,36
113,6
113,36
3,7
3,37
113,7
113,37
3,8
3,38
113,8
113,38
3,9
3,39
113,9
113,39
4,0
4,30
114,0
114,30
4,1
4,31
114,1
114,31
4,2
4,32
114,2
114,32
4,3
4,33
114,3
114,33
4,4
4,34
114,4
114,34
4,5
4,35
114,5
114,35
4,6
4,36
114,6
114,36
4,7
4,37
114,7
114,37
4,8
4,38
114,8
114,38
4,9
4,39
114,9
114,39
5,0
5,30
115,0
115,30
5,1
5,31
115,1
115,31
5,2
5,32
115,2
115,32
5,3
5,33
115,3
115,33
5,4
5,34
115,4
115,34
5,5
5,35
115,5
115,35
5,6
5,36
115,6
115,36
5,7
5,37
115,7
115,37
5,8
5,38
115,8
115,38
5,9
5,39
115,9
115,39
6,0
6,30
116,0
116,30
6,1
6,31
116,1
116,31
6,2
6,32
116,2
116,32
6,3
6,33
116,3
116,33
6,4
6,34
116,4
116,34
6,5
6,35
116,5
116,35
6,6
6,36
116,6
116,36
6,7
6,37
116,7
116,37
6,8
6,38
116,8
116,38
6,9
6,39
116,9
116,39
7,0
7,30
117,0
117,30
7,1
7,31
117,1
117,31
7,2
7,32
117,2
117,32
7,3
7,33
117,3
117,33
7,4
7,34
117,4
117,34
7,5
7,35
117,5
117,35
7,6
7,36
117,6
117,36
7,7
7,37
117,7
117,37
7,8
7,38
117,8
117,38
7,9
7,39
117,9
117,39
8,0
8,30
118,0
118,30
8,1
8,31
118,1
118,31
8,2
8,32
118,2
118,32
8,3
8,33
118,3
118,33
8,4
8,34
118,4
118,34
8,5
8,35
118,5
118,35
8,6
8,36
118,6
118,36
8,7
8,37
118,7
118,37
8,8
8,38
118,8
118,38
8,9
8,39
118,9
118,39
9,0
9,30
119,0
119,30
9,1
9,31
119,1
119,31
9,2
9,32
119,2
119,32
9,3
9,33
119,3
119,33
9,4
9,34
119,4
119,34
9,5
9,35
119,5
119,35
9,6
9,36
119,6
119,36
9,7
9,37
119,7
119,37
9,8
9,38
119,8
119,38
9,9
9,39
119,9
119,39
5,10
115,10
5,11
115,11
5,12
115,12
5,13
115,13
5,14
115,14
5,15
115,15
5,16
115,16
5,17
115,17
5,18
115,18
5,19
115,19
5,20
115,20
5,21
115,21
5,22
115,22
5,23
115,23
5,24
115,24
5,25
115,25
5,26
115,26
5,27
115,27
5,28
115,28
5,29
115,29
5,20
6,20
7,20
8,20
9,20
10,20
11,20
12,20
13,20
14,20
15,20
16,20
17,20
18,20
19,20
20,20
21,20
22,20
23,20
24,20
25,20
26,20
27,20
28,20
29,20
30,20
31,20
32,20
33,20
34,20
35,20
36,20
37,20
38,20
39,20
40,20
41,20
42,20
43,20
44,20
45,20
46,20
47,20
48,20
49,20
50,20
51,20
52,20
53,20
54,20
55,20
56,20
57,20
58,20
59,20
60,20
61,20
62,20
63,20
64,20
65,20
66,20
67,20
68,20
69,20
70,20
71,20
72,20
73,20
74,20
75,20
76,20
77,20
78,20
79,20
80,20
81,20
82,20
83,20
84,20
85,20
86,20
87,20
88,20
89,20
90,20
91,20
92,20
93,20
94,20
95,20
96,20
97,20
98,20
99,20
100,20
101,20
102,20
103,20
104,20
105,20
106,20
107,20
108,20
109,20
110,20
111,20
112,20
113,20
114,20
